names,score
BlackVelvet666,1
Golden_,1
Invincible50,1
ItalicPie580,1
OrionPvP,2
RechraHCF,1
SadLuna,1
V_A_M,1
Wqlk,1
laura,1
sadliar,1
wheresmymommy,1
