names,score
BabyKrypto,1
DreamLogic,1
Honor,1
TeunMC,1
cSyre,1
casey,1
